rank, p, n, total, time/gen, comm/gen, comp/gen, display/gen, comm/display, sendrecv/gen, barrier/gen
0, 1, 4, 0.188000, 0.001880, 0.000560, 0.001320, 0.182490, 9.091000, 0.000470, 0.000090
0, 1, 8, 0.796000, 0.007960, 0.000560, 0.007400, 0.001070, 0.003500, 0.000490, 0.000070
0, 1, 16, 1.291000, 0.012910, 0.000410, 0.012500, 0.002280, 0.003500, 0.000360, 0.000050
0, 1, 32, 9.574000, 0.095740, 0.000870, 0.094870, 0.016350, 0.006000, 0.000680, 0.000190
0, 1, 64, 26.019000, 0.260190, 0.000580, 0.259610, 0.046980, 0.005500, 0.000520, 0.000060
0, 1, 128, 82.621000, 0.826210, 0.000540, 0.825670, 0.184880, 0.011500, 0.000460, 0.000080
0, 1, 256, 320.523000, 3.205230, 0.000630, 3.204600, 0.487470, 0.016500, 0.000560, 0.000070
0, 1, 512, 1268.173000, 12.681730, 0.001130, 12.680600, 2.000550, 0.059500, 0.000960, 0.000170
0, 1, 102, 54.742000, 0.547420, 0.000490, 0.546930, 0.117050, 0.007000, 0.000420, 0.000070
0, 1, 2048, 20179.737000, 201.797370, 0.004380, 201.792990, 671.047240, 1.194500, 0.003650, 0.000730
0, 2, 4, 0.353000, 0.003530, 0.002670, 0.000860, 0.000650, 0.006500, 0.001700, 0.000970
1, 2, 4, 0.406000, 0.004060, 0.003170, 0.000890, 0.000040, 0.002000, 0.002070, 0.001100
0, 2, 8, 0.592000, 0.005920, 0.002670, 0.003250, 0.001500, 0.006500, 0.001660, 0.001010
1, 2, 8, 0.727000, 0.007270, 0.003870, 0.003400, 0.000040, 0.002000, 0.002740, 0.001130
1, 2, 16, 2.220000, 0.022200, 0.008660, 0.013540, 0.000050, 0.002000, 0.006020, 0.002640
0, 2, 16, 1.776000, 0.017760, 0.003480, 0.014280, 0.004560, 0.006500, 0.002090, 0.001390
1, 2, 32, 7.427000, 0.074270, 0.021490, 0.052780, 0.000050, 0.002500, 0.018590, 0.002900
0, 2, 32, 5.728000, 0.057280, 0.005250, 0.052030, 0.017130, 0.006500, 0.001960, 0.003290
0, 2, 64, 16.383000, 0.163830, 0.005990, 0.157840, 0.052560, 0.008000, 0.001760, 0.004230
1, 2, 64, 21.625000, 0.216250, 0.056730, 0.159520, 0.000060, 0.003000, 0.053880, 0.002850
1, 2, 128, 58.538000, 0.585380, 0.178550, 0.406830, 0.000130, 0.006500, 0.175410, 0.003140
0, 2, 128, 41.105000, 0.411050, 0.003710, 0.407340, 0.174250, 0.014000, 0.001250, 0.002460
1, 2, 256, 216.028000, 2.160280, 0.547250, 1.613030, 0.000380, 0.019000, 0.540220, 0.007030
0, 2, 256, 162.128000, 1.621280, 0.004980, 1.616300, 0.539550, 0.039000, 0.001480, 0.003500
1, 2, 512, 837.809000, 8.378090, 2.021850, 6.356240, 0.001850, 0.092500, 1.987300, 0.034550
0, 2, 512, 639.202000, 6.392020, 0.011590, 6.380430, 1.987990, 0.105500, 0.001460, 0.010130
1, 2, 1024, 16425.269000, 164.252690, 138.892500, 25.360190, 0.005860, 0.293000, 138.876610, 0.015890
0, 2, 1024, 2537.841000, 25.378410, 0.063080, 25.315330, 138.880690, 0.341500, 0.002940, 0.060140
0, 2, 2048, 10115.246000, 101.152460, 0.036790, 101.115670, 641.111860, 1.204500, 0.004100, 0.032690
1, 2, 2048, 74224.136000, 742.241360, 641.172230, 101.069130, 0.022880, 1.143500, 641.092890, 0.079340
0, 4, 4, 0.446000, 0.004460, 0.003870, 0.000590, 0.009180, 0.008500, 0.002010, 0.001860
1, 4, 4, 1.351000, 0.013510, 0.012970, 0.000540, 0.000050, 0.001500, 0.010650, 0.002320
2, 4, 4, 1.345000, 0.013450, 0.012740, 0.000710, 0.000030, 0.001000, 0.001660, 0.011080
3, 4, 4, 1.352000, 0.013520, 0.013030, 0.000490, 0.000040, 0.002000, 0.010560, 0.002470
1, 4, 8, 0.817000, 0.008170, 0.007040, 0.001130, 0.000040, 0.002000, 0.005840, 0.001200
2, 4, 8, 0.817000, 0.008170, 0.007170, 0.001000, 0.000020, 0.001000, 0.000800, 0.006370
0, 4, 8, 0.309000, 0.003090, 0.002070, 0.001020, 0.005150, 0.005000, 0.001100, 0.000970
3, 4, 8, 0.818000, 0.008180, 0.007170, 0.001010, 0.000030, 0.001000, 0.005790, 0.001380
1, 4, 16, 5.871000, 0.058710, 0.055380, 0.003330, 0.000040, 0.002000, 0.054080, 0.001300
3, 4, 16, 5.872000, 0.058720, 0.055430, 0.003290, 0.000030, 0.001500, 0.053840, 0.001590
0, 4, 16, 0.568000, 0.005680, 0.002480, 0.003200, 0.053130, 0.005000, 0.001270, 0.001210
2, 4, 16, 5.871000, 0.058710, 0.055450, 0.003260, 0.000040, 0.001500, 0.000890, 0.054560
0, 4, 32, 1.596000, 0.015960, 0.002860, 0.013100, 0.059200, 0.005500, 0.001160, 0.001700
2, 4, 32, 7.506000, 0.075060, 0.061510, 0.013550, 0.000060, 0.003000, 0.000870, 0.060640
1, 4, 32, 7.506000, 0.075060, 0.062730, 0.012330, 0.000050, 0.002500, 0.060040, 0.002690
3, 4, 32, 7.506000, 0.075060, 0.062340, 0.012720, 0.000060, 0.003000, 0.059870, 0.002470
0, 4, 64, 8.736000, 0.087360, 0.004940, 0.082420, 0.121290, 0.008500, 0.002970, 0.001970
1, 4, 64, 20.857000, 0.208570, 0.138840, 0.069730, 0.000050, 0.002000, 0.123420, 0.015420
3, 4, 64, 20.754000, 0.207540, 0.144520, 0.063020, 0.000040, 0.001500, 0.122290, 0.022230
2, 4, 64, 20.759000, 0.207590, 0.139180, 0.068410, 0.000050, 0.002000, 0.001530, 0.137650
2, 4, 128, 21.603000, 2.160300, 1.894400, 0.265900, 0.000600, 0.006000, 0.002600, 1.891800
3, 4, 128, 21.598000, 2.159800, 1.884900, 0.274900, 0.000800, 0.008000, 1.881500, 0.003400
1, 4, 128, 21.606000, 2.160600, 1.888500, 0.272100, 0.000600, 0.006000, 1.881600, 0.006900
0, 4, 128, 2.817000, 0.281700, 0.016300, 0.265400, 1.879900, 0.017000, 0.004500, 0.011800
1, 4, 256, 79.045000, 7.904500, 6.787300, 1.117200, 0.001600, 0.015000, 6.741400, 0.045900
0, 4, 256, 11.701000, 1.170100, 0.027500, 1.142600, 6.740300, 0.045000, 0.007000, 0.020500
2, 4, 256, 79.083000, 7.908300, 6.784900, 1.123400, 0.001200, 0.012000, 0.005600, 6.779300
3, 4, 256, 79.086000, 7.908600, 6.790500, 1.118100, 0.001000, 0.010000, 6.741000, 0.049500
2, 4, 512, 258.968000, 25.896800, 21.571300, 4.325500, 0.014600, 0.146000, 0.005100, 21.566200
3, 4, 512, 258.955000, 25.895500, 21.490000, 4.405500, 0.013000, 0.130000, 21.469500, 0.020500
1, 4, 512, 259.002000, 25.900200, 21.544100, 4.356100, 0.011800, 0.118000, 21.418300, 0.125800
0, 4, 512, 44.857000, 4.485700, 0.150700, 4.335000, 21.427100, 0.212000, 0.060300, 0.090400
2, 4, 1024, 14943.667000, 149.436670, 135.970540, 13.466130, 0.004760, 0.238000, 0.003150, 135.967390
0, 4, 1024, 1355.425000, 13.554250, 0.070090, 13.484160, 135.887530, 0.417000, 0.004180, 0.065910
1, 4, 1024, 14943.618000, 149.436180, 135.977680, 13.458500, 0.003970, 0.198500, 135.885380, 0.092300
3, 4, 1024, 14943.757000, 149.437570, 135.953980, 13.483590, 0.004240, 0.212000, 135.885330, 0.068650
0, 4, 2048, 8249.358000, 82.493580, 0.114540, 82.379040, 699.465810, 1.393000, 0.109610, 0.004930
3, 4, 2048, 78185.156000, 781.851560, 711.505580, 70.345980, 0.026740, 1.336500, 699.473310, 12.032270
1, 4, 2048, 78184.025000, 781.840250, 711.635050, 70.205200, 0.017590, 0.878500, 699.462410, 12.172640
2, 4, 2048, 78183.357000, 781.833570, 711.516060, 70.317510, 0.016210, 0.810000, 0.016390, 711.499670
0, 8, 8, 13.542000, 0.135420, 0.134580, 0.000840, 0.060010, 0.078000, 0.091090, 0.043490
2, 8, 8, 23.614000, 0.236140, 0.235590, 0.000550, 0.000060, 0.003000, 0.001120, 0.234470
3, 8, 8, 23.611000, 0.236110, 0.235490, 0.000620, 0.000040, 0.002000, 0.064150, 0.171340
7, 8, 8, 19.443000, 0.194430, 0.193330, 0.001100, 0.000150, 0.007500, 0.104280, 0.089050
1, 8, 8, 23.616000, 0.236160, 0.235720, 0.000440, 0.000050, 0.002500, 0.104180, 0.131540
4, 8, 8, 23.518000, 0.235180, 0.234100, 0.001080, 0.000140, 0.007000, 0.102520, 0.131580
5, 8, 8, 22.116000, 0.221160, 0.220080, 0.001080, 0.000190, 0.009000, 0.021810, 0.198270
6, 8, 8, 20.714000, 0.207140, 0.205740, 0.001400, 0.000240, 0.012000, 0.015710, 0.190030
0, 8, 16, 14.390000, 0.143900, 0.142280, 0.001620, 0.005230, 0.122000, 0.097020, 0.045260
3, 8, 16, 19.461000, 0.194610, 0.192340, 0.002270, 0.000050, 0.002000, 0.066460, 0.125880
7, 8, 16, 14.818000, 0.148180, 0.144950, 0.003230, 0.000170, 0.008000, 0.055730, 0.089220
1, 8, 16, 19.468000, 0.194680, 0.193070, 0.001610, 0.000050, 0.002500, 0.053960, 0.139110
4, 8, 16, 19.368000, 0.193680, 0.190220, 0.003460, 0.000290, 0.014000, 0.111140, 0.079080
2, 8, 16, 19.468000, 0.194680, 0.192840, 0.001840, 0.000050, 0.002500, 0.002070, 0.190770
5, 8, 16, 17.712000, 0.177120, 0.173610, 0.003510, 0.000230, 0.011500, 0.021900, 0.151710
6, 8, 16, 16.119000, 0.161190, 0.157510, 0.003680, 0.000220, 0.011000, 0.019310, 0.138200
0, 8, 32, 33.660000, 0.336600, 0.327770, 0.008830, 0.075030, 0.161500, 0.284450, 0.043320
2, 8, 32, 46.360000, 0.463600, 0.455380, 0.008220, 0.000070, 0.003500, 0.042900, 0.412480
6, 8, 32, 43.051000, 0.430510, 0.418560, 0.011950, 0.000180, 0.008500, 0.021940, 0.396620
4, 8, 32, 46.346000, 0.463460, 0.451210, 0.012250, 0.000180, 0.009000, 0.256780, 0.194430
3, 8, 32, 46.367000, 0.463670, 0.456270, 0.007400, 0.000080, 0.003000, 0.146600, 0.309670
1, 8, 32, 46.370000, 0.463700, 0.454410, 0.009290, 0.000110, 0.005000, 0.130460, 0.323950
5, 8, 32, 44.632000, 0.446320, 0.433970, 0.012350, 0.000180, 0.009000, 0.023040, 0.410930
7, 8, 32, 41.400000, 0.414000, 0.401630, 0.012370, 0.000170, 0.008500, 0.201680, 0.199950
1, 8, 64, 52.567000, 0.525670, 0.497220, 0.028450, 0.000120, 0.006000, 0.180060, 0.317160
4, 8, 64, 52.505000, 0.525050, 0.470720, 0.054330, 0.000140, 0.007000, 0.277540, 0.193180
3, 8, 64, 52.568000, 0.525680, 0.495050, 0.030630, 0.000070, 0.003500, 0.140730, 0.354320
2, 8, 64, 52.572000, 0.525720, 0.495720, 0.030000, 0.000090, 0.004500, 0.001360, 0.494360
5, 8, 64, 50.721000, 0.507210, 0.453900, 0.053310, 0.000220, 0.011000, 0.023760, 0.430140
0, 8, 64, 34.930000, 0.349300, 0.320220, 0.029080, 0.124700, 0.323000, 0.257280, 0.062940
7, 8, 64, 47.327000, 0.473270, 0.419500, 0.053770, 0.000160, 0.008000, 0.272990, 0.146510
6, 8, 64, 48.958000, 0.489580, 0.434220, 0.055360, 0.000240, 0.011500, 0.018260, 0.415960
0, 8, 128, 52.411000, 0.524110, 0.414290, 0.109820, 0.397780, 0.877000, 0.284570, 0.129720
1, 8, 128, 96.751000, 0.967510, 0.860840, 0.106670, 0.000040, 0.001500, 0.446480, 0.414360
2, 8, 128, 96.749000, 0.967490, 0.859900, 0.107590, 0.000030, 0.001500, 0.001800, 0.858100
3, 8, 128, 96.729000, 0.967290, 0.849550, 0.117740, 0.000030, 0.001500, 0.157760, 0.691790
6, 8, 128, 93.335000, 0.933350, 0.712140, 0.221210, 0.000260, 0.012500, 0.014980, 0.697160
4, 8, 128, 96.660000, 0.966600, 0.760390, 0.206210, 0.000200, 0.010000, 0.317680, 0.442710
5, 8, 128, 94.807000, 0.948070, 0.748920, 0.199150, 0.000320, 0.016000, 0.021430, 0.727490
7, 8, 128, 92.048000, 0.920480, 0.722450, 0.198030, 0.000260, 0.012500, 0.566350, 0.156100
1, 8, 256, 265.303000, 2.653030, 2.199390, 0.453640, 0.000110, 0.005500, 1.468320, 0.731070
3, 8, 256, 265.406000, 2.654060, 2.224900, 0.429160, 0.000100, 0.005000, 0.201670, 2.023230
2, 8, 256, 265.406000, 2.654060, 2.237090, 0.416970, 0.000110, 0.005500, 0.002420, 2.234670
6, 8, 256, 262.210000, 2.622100, 1.818050, 0.804050, 0.000660, 0.033000, 0.016640, 1.801410
0, 8, 256, 118.791000, 1.187910, 0.765150, 0.422760, 1.423960, 3.019000, 0.324670, 0.440480
5, 8, 256, 263.558000, 2.635580, 1.806080, 0.829500, 0.000490, 0.024000, 0.019830, 1.786250
7, 8, 256, 260.952000, 2.609520, 1.805830, 0.803690, 0.000350, 0.017500, 1.622120, 0.183710
4, 8, 256, 265.125000, 2.651250, 1.805010, 0.846240, 0.000530, 0.026000, 0.399590, 1.405420
0, 8, 512, 400.755000, 4.007550, 2.284740, 1.722810, 5.129410, 11.413500, 0.413460, 1.871280
1, 8, 512, 919.250000, 9.192500, 7.483900, 1.708600, 0.000250, 0.012500, 5.188720, 2.295180
4, 8, 512, 919.106000, 9.191060, 6.010740, 3.180320, 0.001040, 0.051500, 0.519540, 5.491200
2, 8, 512, 919.259000, 9.192590, 7.467260, 1.725330, 0.000260, 0.013000, 0.004010, 7.463250
5, 8, 512, 917.339000, 9.173390, 5.682570, 3.490820, 0.001080, 0.054000, 0.026700, 5.655870
3, 8, 512, 919.068000, 9.190680, 7.462630, 1.728050, 0.000250, 0.012500, 0.282330, 7.180300
6, 8, 512, 915.291000, 9.152910, 5.498990, 3.653920, 0.001170, 0.058500, 0.021490, 5.477500
7, 8, 512, 913.488000, 9.134880, 5.892790, 3.242090, 0.001270, 0.063000, 5.382170, 0.510620
0, 8, 1024, 1534.359000, 15.343590, 6.596130, 8.747460, 181.195750, 45.132000, 0.625910, 5.970220
1, 8, 1024, 19658.554000, 196.585540, 186.653600, 9.931940, 0.002480, 0.124000, 181.247260, 5.406340
3, 8, 1024, 19658.324000, 196.583240, 187.895410, 8.687830, 0.002890, 0.144500, 0.458610, 187.436800
2, 8, 1024, 19658.575000, 196.585750, 187.809230, 8.776520, 0.002370, 0.118500, 0.005630, 187.803600
7, 8, 1024, 19652.575000, 196.525750, 183.007850, 13.517900, 0.012940, 0.647000, 181.517510, 1.490340
4, 8, 1024, 19657.556000, 196.575560, 182.296730, 14.278830, 0.011870, 0.593000, 0.786340, 181.510390
6, 8, 1024, 19653.897000, 196.538970, 183.708220, 12.830750, 0.012200, 0.609500, 0.029100, 183.679120
5, 8, 1024, 19655.850000, 196.558500, 183.826740, 12.731760, 0.012710, 0.635500, 0.059920, 183.766820
0, 8, 2048, 6094.457000, 60.944570, 22.769720, 38.174850, 648.800170, 179.398000, 1.057920, 21.711800
2, 8, 2048, 70977.410000, 709.774100, 671.780480, 37.993620, 0.010440, 0.522000, 0.009080, 671.771400
1, 8, 2048, 70976.880000, 709.768800, 671.532850, 38.235950, 0.013960, 0.697500, 648.832660, 22.700190
5, 8, 2048, 70735.493000, 707.354930, 656.652850, 50.702080, 2.329760, 116.487000, 0.506650, 656.146200
3, 8, 2048, 70977.358000, 709.773580, 671.742590, 38.030990, 0.010880, 0.543500, 3.761250, 667.981340
6, 8, 2048, 70686.738000, 706.867380, 655.656080, 51.211300, 2.806680, 140.333500, 0.220610, 655.435470
4, 8, 2048, 70728.726000, 707.287260, 655.847930, 51.439330, 2.408570, 120.428000, 1.676410, 654.171520
7, 8, 2048, 70680.207000, 706.802070, 646.826060, 59.976010, 2.862540, 143.126500, 646.457960, 0.368100
0, 16, 16, 79.614000, 0.796140, 0.794900, 0.001240, 0.209490, 4.840500, 0.090820, 0.704080
2, 16, 16, 128.850000, 1.288500, 1.286860, 0.001640, 0.000090, 0.004500, 0.001210, 1.285650
6, 16, 16, 118.883000, 1.188830, 1.186890, 0.001940, 0.000330, 0.016000, 0.401140, 0.785750
1, 16, 16, 128.856000, 1.288560, 1.287370, 0.001190, 0.000030, 0.001000, 0.496110, 0.791260
5, 16, 16, 126.346000, 1.263460, 1.260390, 0.003070, 0.000330, 0.016000, 0.170660, 1.089730
12, 16, 16, 107.504000, 1.075040, 1.073800, 0.001240, 0.000090, 0.004500, 0.121480, 0.952320
14, 16, 16, 102.798000, 1.027980, 1.026880, 0.001100, 0.000090, 0.004500, 0.024210, 1.002670
4, 16, 16, 128.746000, 1.287460, 1.285020, 0.002440, 0.000190, 0.009500, 0.116910, 1.168110
9, 16, 16, 114.311000, 1.143110, 1.141150, 0.001960, 0.000160, 0.008000, 0.028490, 1.112660
11, 16, 16, 109.774000, 1.097740, 1.095620, 0.002120, 0.000160, 0.007500, 0.103800, 0.991820
3, 16, 16, 128.857000, 1.288570, 1.287310, 0.001260, 0.000030, 0.001500, 0.077920, 1.209390
8, 16, 16, 116.675000, 1.166750, 1.164860, 0.001890, 0.000150, 0.007000, 0.512440, 0.652420
7, 16, 16, 116.646000, 1.166460, 1.164450, 0.002010, 0.000250, 0.012500, 0.121520, 1.042930
15, 16, 16, 100.482000, 1.004820, 1.003690, 0.001130, 0.000080, 0.004000, 0.255800, 0.747890
10, 16, 16, 111.999000, 1.119990, 1.117660, 0.002330, 0.000220, 0.010500, 0.024730, 1.092930
13, 16, 16, 105.117000, 1.051170, 1.050070, 0.001100, 0.000090, 0.004500, 0.026620, 1.023450
2, 16, 32, 71.335000, 0.713350, 0.709210, 0.004140, 0.000060, 0.002500, 0.017840, 0.691370
6, 16, 32, 66.445000, 0.664450, 0.657800, 0.006650, 0.000210, 0.010000, 0.024970, 0.632830
1, 16, 32, 71.336000, 0.713360, 0.709200, 0.004160, 0.000050, 0.002500, 0.365440, 0.343760
3, 16, 32, 71.336000, 0.713360, 0.709260, 0.004100, 0.000050, 0.002000, 0.207040, 0.502220
8, 16, 32, 64.225000, 0.642250, 0.634540, 0.007710, 0.000250, 0.012000, 0.319250, 0.315290
0, 16, 32, 35.056000, 0.350560, 0.346600, 0.003960, 0.131130, 3.283500, 0.217730, 0.128870
5, 16, 32, 68.748000, 0.687480, 0.680810, 0.006670, 0.000260, 0.012500, 0.029660, 0.651150
11, 16, 32, 57.430000, 0.574300, 0.567870, 0.006430, 0.000160, 0.008000, 0.234600, 0.333270
12, 16, 32, 55.208000, 0.552080, 0.548640, 0.003440, 0.000090, 0.004000, 0.254530, 0.294110
13, 16, 32, 52.693000, 0.526930, 0.523510, 0.003420, 0.000140, 0.007000, 0.026410, 0.497100
14, 16, 32, 50.375000, 0.503750, 0.499940, 0.003810, 0.000100, 0.005000, 0.024250, 0.475690
9, 16, 32, 61.915000, 0.619150, 0.612400, 0.006750, 0.000210, 0.009500, 0.028140, 0.584260
7, 16, 32, 64.196000, 0.641960, 0.635060, 0.006900, 0.000250, 0.012500, 0.143860, 0.491200
15, 16, 32, 48.083000, 0.480830, 0.477170, 0.003660, 0.000070, 0.003500, 0.192880, 0.284290
4, 16, 32, 71.176000, 0.711760, 0.703730, 0.008030, 0.000170, 0.008000, 0.266020, 0.437710
10, 16, 32, 59.679000, 0.596790, 0.590050, 0.006740, 0.000220, 0.010000, 0.024560, 0.565490
2, 16, 64, 83.574000, 0.835740, 0.821230, 0.014510, 0.000040, 0.001500, 0.001600, 0.819630
5, 16, 64, 77.295000, 0.772950, 0.748630, 0.024320, 0.000210, 0.010500, 0.029180, 0.719450
1, 16, 64, 83.573000, 0.835730, 0.821990, 0.013740, 0.000050, 0.002500, 0.446990, 0.375000
3, 16, 64, 83.572000, 0.835720, 0.820890, 0.014830, 0.000060, 0.003000, 0.193210, 0.627680
4, 16, 64, 83.488000, 0.834880, 0.797920, 0.036960, 0.000200, 0.010000, 0.312230, 0.485690
0, 16, 64, 39.185000, 0.391850, 0.378390, 0.013460, 0.174500, 2.187500, 0.239540, 0.138850
6, 16, 64, 75.019000, 0.750190, 0.723940, 0.026250, 0.000270, 0.012500, 0.024510, 0.699430
14, 16, 64, 58.813000, 0.588130, 0.573090, 0.015040, 0.000120, 0.006000, 0.024030, 0.549060
7, 16, 64, 72.825000, 0.728250, 0.703570, 0.024680, 0.000170, 0.008500, 0.150650, 0.552920
13, 16, 64, 61.170000, 0.611700, 0.597910, 0.013790, 0.000130, 0.006500, 0.026720, 0.571190
12, 16, 64, 63.619000, 0.636190, 0.622590, 0.013600, 0.000100, 0.005000, 0.278580, 0.344010
15, 16, 64, 56.528000, 0.565280, 0.551210, 0.014070, 0.000080, 0.003500, 0.270070, 0.281140
9, 16, 64, 70.397000, 0.703970, 0.679480, 0.024490, 0.000200, 0.009500, 0.028260, 0.651220
10, 16, 64, 68.144000, 0.681440, 0.656840, 0.024600, 0.000260, 0.012500, 0.025040, 0.631800
8, 16, 64, 72.779000, 0.727790, 0.701000, 0.026790, 0.000210, 0.010000, 0.316090, 0.384910
11, 16, 64, 65.852000, 0.658520, 0.633260, 0.025260, 0.000180, 0.009000, 0.215930, 0.417330
1, 16, 128, 1141.834000, 11.418340, 11.364520, 0.053820, 0.000070, 0.003500, 0.827060, 10.537460
3, 16, 128, 1141.837000, 11.418370, 11.361770, 0.056600, 0.000050, 0.002500, 0.544370, 10.817400
8, 16, 128, 1134.709000, 11.347090, 11.249520, 0.097570, 0.000170, 0.008500, 0.834200, 10.415320
9, 16, 128, 1132.425000, 11.324250, 11.223930, 0.100320, 0.000250, 0.012000, 0.029380, 11.194550
7, 16, 128, 1134.717000, 11.347170, 11.243230, 0.103940, 0.000220, 0.011000, 0.090470, 11.152760
15, 16, 128, 1115.024000, 11.150240, 11.096930, 0.053310, 0.000090, 0.004500, 0.679570, 10.417360
4, 16, 128, 1141.692000, 11.416920, 11.308750, 0.108170, 0.000200, 0.010000, 0.491740, 10.817010
10, 16, 128, 1130.009000, 11.300090, 11.191320, 0.108770, 0.000290, 0.014000, 5.335860, 5.855460
0, 16, 128, 1059.490000, 10.594900, 10.539600, 0.055300, 0.556280, 9.171500, 0.321030, 10.218570
2, 16, 128, 1141.835000, 11.418350, 11.362450, 0.055900, 0.000070, 0.002500, 0.001230, 11.361220
11, 16, 128, 1124.678000, 11.246780, 11.144380, 0.102400, 0.000150, 0.007500, 0.126330, 11.018050
13, 16, 128, 1119.779000, 11.197790, 11.146080, 0.051710, 0.000150, 0.006500, 0.026780, 11.119300
6, 16, 128, 1136.986000, 11.369860, 11.260980, 0.108880, 0.000340, 0.017000, 0.279540, 10.981440
14, 16, 128, 1117.402000, 11.174020, 11.121420, 0.052600, 0.000140, 0.007000, 0.025210, 11.096210
5, 16, 128, 1139.304000, 11.393040, 11.290850, 0.102190, 0.000320, 0.016000, 0.032760, 11.258090
12, 16, 128, 1122.353000, 11.223530, 11.168470, 0.055060, 0.000110, 0.005000, 5.400610, 5.767860
0, 16, 256, 107.288000, 1.072880, 0.841150, 0.231730, 1.463260, 5.257000, 0.355650, 0.485500
1, 16, 256, 276.561000, 2.765610, 2.545770, 0.219840, 0.000100, 0.005000, 1.696420, 0.849350
3, 16, 256, 276.560000, 2.765600, 2.551670, 0.213930, 0.000100, 0.005000, 0.278420, 2.273250
8, 16, 256, 269.424000, 2.694240, 2.288430, 0.405810, 0.000340, 0.016500, 0.579070, 1.709360
2, 16, 256, 276.561000, 2.765610, 2.549730, 0.215880, 0.000090, 0.004500, 0.036000, 2.513730
5, 16, 256, 273.968000, 2.739680, 2.335860, 0.403820, 0.000510, 0.025000, 0.146850, 2.189010
11, 16, 256, 262.580000, 2.625800, 2.159470, 0.466330, 0.000320, 0.015500, 0.284590, 1.874880
12, 16, 256, 260.403000, 2.604030, 2.383670, 0.220360, 0.000220, 0.010500, 0.378880, 2.004790
4, 16, 256, 276.440000, 2.764400, 2.364660, 0.399740, 0.000300, 0.014500, 0.435410, 1.929250
7, 16, 256, 269.492000, 2.694920, 2.297700, 0.397220, 0.000270, 0.013000, 0.166080, 2.131620
10, 16, 256, 264.809000, 2.648090, 2.211430, 0.436660, 0.000270, 0.013500, 0.024530, 2.186900
15, 16, 256, 253.525000, 2.535250, 2.312610, 0.222640, 0.000200, 0.010000, 1.614330, 0.698280
13, 16, 256, 258.130000, 2.581300, 2.366560, 0.214740, 0.000160, 0.008000, 0.026230, 2.340330
6, 16, 256, 271.718000, 2.717180, 2.278370, 0.438810, 0.000330, 0.016000, 0.212580, 2.065790
14, 16, 256, 255.858000, 2.558580, 2.346750, 0.211830, 0.000160, 0.008000, 0.024580, 2.322170
9, 16, 256, 267.074000, 2.670740, 2.282270, 0.388470, 0.000260, 0.012500, 0.028220, 2.254050
1, 16, 512, 789.122000, 7.891220, 7.011320, 0.879900, 0.000160, 0.008000, 5.833260, 1.178060
3, 16, 512, 789.135000, 7.891350, 7.038390, 0.852960, 0.000170, 0.008000, 0.432400, 6.605990
4, 16, 512, 788.734000, 7.887340, 6.270940, 1.616400, 0.000550, 0.027500, 0.591950, 5.678990
10, 16, 512, 776.658000, 7.766580, 6.117020, 1.649560, 0.000520, 0.025000, 0.027730, 6.089290
7, 16, 512, 781.707000, 7.817070, 6.207000, 1.610070, 0.000600, 0.030000, 0.263610, 5.943390
8, 16, 512, 781.705000, 7.817050, 6.230860, 1.586190, 0.000530, 0.026500, 0.610190, 5.620670
0, 16, 512, 206.138000, 2.061380, 1.193740, 0.867640, 5.592020, 17.455500, 0.412090, 0.781650
2, 16, 512, 789.134000, 7.891340, 7.058030, 0.833310, 0.000170, 0.008500, 0.001670, 7.056360
5, 16, 512, 786.164000, 7.861640, 6.264430, 1.597210, 0.001000, 0.050000, 0.030830, 6.233600
12, 16, 512, 772.292000, 7.722920, 6.871180, 0.851740, 0.000420, 0.020500, 0.530270, 6.340910
11, 16, 512, 774.153000, 7.741530, 6.154380, 1.587150, 0.001040, 0.052000, 0.415060, 5.739320
13, 16, 512, 769.682000, 7.696820, 6.843490, 0.853330, 0.000520, 0.026000, 0.025870, 6.817620
6, 16, 512, 783.857000, 7.838570, 6.169240, 1.669330, 0.000600, 0.030000, 0.025730, 6.143510
14, 16, 512, 767.443000, 7.674430, 6.811680, 0.862750, 0.000300, 0.015000, 0.023910, 6.787770
9, 16, 512, 778.918000, 7.789180, 6.192550, 1.596630, 0.000570, 0.028500, 0.028150, 6.164400
15, 16, 512, 765.203000, 7.652030, 6.809780, 0.842250, 0.000590, 0.029500, 5.755270, 1.054510
1, 16, 1024, 16435.044000, 164.350440, 159.951730, 4.398710, 0.005480, 0.274000, 156.873170, 3.078560
3, 16, 1024, 16435.020000, 164.350200, 160.031230, 4.318970, 0.006000, 0.299500, 0.593590, 159.437640
7, 16, 1024, 16427.523000, 164.275230, 157.588160, 6.687070, 0.001770, 0.088500, 0.409770, 157.178390
8, 16, 1024, 16426.914000, 164.269140, 157.875420, 6.393720, 0.002230, 0.111000, 0.789600, 157.085820
15, 16, 1024, 16411.527000, 164.115270, 160.713330, 3.401940, 0.001850, 0.092000, 156.960040, 3.753290
0, 16, 1024, 748.161000, 7.481610, 3.100440, 4.381170, 156.635200, 175.131500, 0.647250, 2.453190
2, 16, 1024, 16435.031000, 164.350310, 159.993000, 4.357310, 0.005880, 0.294000, 0.003360, 159.989640
6, 16, 1024, 16429.740000, 164.297400, 157.961440, 6.335960, 0.002260, 0.113000, 0.051400, 157.910040
5, 16, 1024, 16431.845000, 164.318450, 157.887810, 6.430640, 0.002040, 0.102000, 0.028900, 157.858910
11, 16, 1024, 16420.035000, 164.200350, 157.829970, 6.370380, 0.002480, 0.124000, 0.455830, 157.374140
14, 16, 1024, 16413.846000, 164.138460, 160.722100, 3.416360, 0.001620, 0.081000, 0.064320, 160.657780
9, 16, 1024, 16425.127000, 164.251270, 157.911780, 6.339490, 0.002330, 0.116000, 0.034440, 157.877340
4, 16, 1024, 16433.869000, 164.338690, 157.617560, 6.721130, 0.002960, 0.147500, 0.925660, 156.691900
12, 16, 1024, 16418.830000, 164.188300, 160.813890, 3.374410, 0.001650, 0.082500, 0.750680, 160.063210
13, 16, 1024, 16416.466000, 164.164660, 160.772530, 3.392130, 0.001790, 0.089500, 0.030130, 160.742400
10, 16, 1024, 16422.369000, 164.223690, 157.884280, 6.339410, 0.002430, 0.121000, 0.026820, 157.857460
0, 16, 2048, 2806.995000, 28.069950, 8.310270, 19.759680, 646.935390, 268.569000, 0.894110, 7.416160
2, 16, 2048, 67523.455000, 675.234550, 655.591110, 19.643440, 0.008370, 0.418500, 0.006320, 655.584790
5, 16, 2048, 67280.825000, 672.808250, 646.426360, 26.381890, 2.366250, 118.311500, 0.222180, 646.204180
1, 16, 2048, 67523.450000, 675.234500, 655.552930, 19.681570, 0.008420, 0.420500, 647.172670, 8.380260
3, 16, 2048, 67523.237000, 675.232370, 655.557190, 19.675180, 0.009320, 0.465500, 3.008550, 652.548640
8, 16, 2048, 67294.126000, 672.941260, 647.453820, 25.487440, 2.160850, 108.042000, 1.964110, 645.489710
12, 16, 2048, 67296.322000, 672.963220, 659.307830, 13.655390, 2.115770, 105.787500, 1.574010, 657.733820
13, 16, 2048, 67233.311000, 672.333110, 658.641970, 13.691140, 2.720150, 136.006500, 0.450660, 658.191310
11, 16, 2048, 67244.826000, 672.448260, 647.011490, 25.436770, 2.613700, 130.684000, 0.566430, 646.445060
6, 16, 2048, 67276.559000, 672.765590, 647.187900, 25.577690, 2.387530, 119.376000, 0.209210, 646.978690
14, 16, 2048, 67212.047000, 672.120470, 658.693410, 13.427060, 2.909470, 145.473000, 0.707530, 657.985880
9, 16, 2048, 67194.738000, 671.947380, 646.653590, 25.293790, 3.163570, 158.178000, 0.178010, 646.475580
4, 16, 2048, 67328.544000, 673.285440, 646.730230, 26.555210, 1.902950, 95.147000, 1.462050, 645.268180
10, 16, 2048, 67251.176000, 672.511760, 647.183980, 25.327780, 2.574120, 128.705500, 0.772940, 646.411040
7, 16, 2048, 67309.241000, 673.092410, 647.631430, 25.460980, 2.035560, 101.777500, 0.903540, 646.727890
15, 16, 2048, 67208.500000, 672.085000, 658.603850, 13.481150, 2.919800, 145.988500, 644.402460, 14.201390
